4.746799999999999908e-01
6.231999999999999762e-01
6.728399999999999936e-01
7.036799999999999722e-01
7.214199999999999502e-01
7.358599999999999586e-01
7.480999999999999872e-01
7.544999999999999485e-01
7.648200000000000554e-01
7.741999999999999993e-01
7.791599999999999637e-01
7.846600000000000241e-01
7.909599999999999964e-01
7.983200000000000296e-01
7.982000000000000206e-01
8.042799999999999949e-01
8.050599999999999978e-01
8.100600000000000023e-01
8.130600000000000049e-01
8.167400000000000215e-01
8.199400000000000022e-01
8.238199999999999967e-01
8.247799999999999576e-01
8.278999999999999693e-01
8.280199999999999783e-01
8.338600000000000456e-01
8.352199999999999624e-01
8.354599999999999804e-01
8.397799999999999709e-01
8.397200000000000220e-01
8.403199999999999559e-01
8.425599999999999756e-01
8.482800000000000340e-01
8.470600000000000351e-01
8.505399999999999627e-01
8.477999999999999980e-01
8.488200000000000189e-01
8.493199999999999639e-01
8.535800000000000054e-01
8.532199999999999784e-01
8.548599999999999532e-01
8.546200000000000463e-01
8.559799999999999631e-01
8.569999999999999840e-01
8.570799999999999530e-01
8.579999999999999849e-01
8.596599999999999797e-01
8.616800000000000015e-01
8.602199999999999847e-01
8.620999999999999774e-01
8.621199999999999974e-01
8.636800000000000033e-01
8.667799999999999949e-01
8.652400000000000091e-01
8.669999999999999929e-01
8.666599999999999859e-01
8.681600000000000428e-01
8.700999999999999845e-01
8.678599999999999648e-01
8.703600000000000225e-01
8.672400000000000109e-01
8.699400000000000466e-01
8.707799999999999985e-01
8.711999999999999744e-01
8.716800000000000104e-01
8.735000000000000542e-01
8.740400000000000391e-01
8.736800000000000122e-01
8.741999999999999771e-01
8.761799999999999589e-01
8.748599999999999710e-01
8.737800000000000011e-01
8.760200000000000209e-01
8.762999999999999678e-01
8.758799999999999919e-01
8.747000000000000330e-01
8.787000000000000366e-01
8.765199999999999658e-01
8.793600000000000305e-01
8.780799999999999716e-01
8.767200000000000548e-01
9.071000000000000174e-01
9.184400000000000341e-01
9.211200000000000498e-01
9.233400000000000496e-01
9.256799999999999473e-01
9.264000000000000012e-01
9.293599999999999639e-01
9.308600000000000207e-01
9.307400000000000118e-01
