1.858831169738769606e+00
1.405276968688964789e+00
1.226871097030639568e+00
1.118002362442016562e+00
1.056429819869995068e+00
1.007988212299346875e+00
9.659269625091552181e-01
9.374107269096374484e-01
9.113996107292174909e-01
8.780599564743042373e-01
8.632473000144958997e-01
8.426479393577576138e-01
8.228618494224548829e-01
8.047956659507751187e-01
7.941342927169799948e-01
7.802217445182800803e-01
7.729767561149597510e-01
7.572672273445129054e-01
7.470170960807800409e-01
7.353394157409668397e-01
7.240736006927490642e-01
7.159757344818115099e-01
7.103359990882873731e-01
6.996991509056090797e-01
6.984011096954345632e-01
6.801549070358275939e-01
6.771665424728393612e-01
6.704153355884552301e-01
6.643567199516295929e-01
6.582012375640868829e-01
6.534791840171814137e-01
6.468969259452820308e-01
6.384675306797027439e-01
6.371570592117309362e-01
6.298956993865967302e-01
6.332922613143920909e-01
6.289949116325378453e-01
6.226833969974517879e-01
6.172438945198058802e-01
6.149838097763061784e-01
6.118368410682678560e-01
6.094452711486816332e-01
6.035109083557128606e-01
5.986972276782989155e-01
5.961077476501465133e-01
5.947174611091613494e-01
5.912794716072082846e-01
5.884084098434447796e-01
5.888327588653564648e-01
5.865480530929565450e-01
5.857224026489258328e-01
5.783964190196990707e-01
5.743145941162108858e-01
5.758428973007202467e-01
5.726038292503357052e-01
5.710306549549102328e-01
5.673538028144836654e-01
5.633976743125915787e-01
5.654359333229065365e-01
5.624203868770599746e-01
5.645130085563659916e-01
5.625157035350799584e-01
5.577772968292236122e-01
5.552841063213348471e-01
5.534191148948669481e-01
5.523964740276336993e-01
5.483003561210632038e-01
5.471882617473602384e-01
5.453651803016662525e-01
5.397732726860046126e-01
5.466607155513762972e-01
5.479337311935424948e-01
5.401401845264435231e-01
5.388667224121094224e-01
5.395325904750823964e-01
5.386938800621032808e-01
5.356146644973754922e-01
5.372602207851410183e-01
5.327974979114532550e-01
5.331095696449279497e-01
5.350168880939483174e-01
4.463535381793976020e-01
4.148090455818176370e-01
3.987452745914459307e-01
3.879404085731506524e-01
3.816646767425537212e-01
3.741814235210418893e-01
3.651603274917602504e-01
3.578803441238403438e-01
3.550128727626800651e-01
