1.377726981023736919e-01
2.116017003433422194e-01
3.163097529771582428e-01
4.139396855855623225e-01
4.958493743888988114e-01
5.459977542700047426e-01
5.716434070839880865e-01
5.938201796981742442e-01
6.134704844401668300e-01
6.302935515300639446e-01
6.468760025474479258e-01
6.515078601219120857e-01
6.609319858456178531e-01
6.675288739172281494e-01
6.731833494126433504e-01
6.786573628297707383e-01
6.855750722039155587e-01
6.852542508822585532e-01
6.902470324029515991e-01
6.981472570161082469e-01
7.365656079372459031e-01
7.458894770612768399e-01
7.444457811807492220e-01
7.478966346153845812e-01
7.476316633787993826e-01
7.504210779978214285e-01
7.539463141025640747e-01
7.558405587668592940e-01
7.580806865193425725e-01
7.592637151298058384e-01
7.613290022648715460e-01
7.643567533075408260e-01
7.645973692461968119e-01
7.644570099454603973e-01
7.698107154123822182e-01
7.716754892333639315e-01
7.690487648571077139e-01
7.699310234581999701e-01
7.722770292138609882e-01
7.754451395381442014e-01
8.060296474358974450e-01
8.124397880348090961e-01
8.094951923076922906e-01
8.104929350742409166e-01
8.151267243953786990e-01
8.120789220021785715e-01
8.128609239653512564e-01
8.138634905357715610e-01
8.103745588898314534e-01
8.131817452870082619e-01
8.148637820512820706e-01
8.135436737123941109e-01
8.152470323838291177e-01
8.162094962723100977e-01
8.150264677574591277e-01
8.197585819507203775e-01
8.184351941160105115e-01
8.184953480911132395e-01
8.201395572283576296e-01
8.204403272568510097e-01
8.446422842476740689e-01
8.490335257878699471e-01
8.518629807692307265e-01
8.516779061916476268e-01
8.514396855568786560e-01
8.516602502023711274e-01
8.526442307692307931e-01
8.528018625753386317e-01
8.533646134294529118e-01
8.536854346746201028e-01
8.532242540522266827e-01
8.525224575102998692e-01
8.526828681424446499e-01
8.558493589743589869e-01
8.527015092936400809e-01
8.535256410256409909e-01
8.541666666475258296e-01
8.550689766182898444e-01
8.543471286875872206e-01
8.582972409176757855e-01
8.743990384615384359e-01
8.812620423700691097e-01
8.792308309654184306e-01
8.799526788387537213e-01
8.818375040102662821e-01
8.820781199680447493e-01
8.841233557717020908e-01
8.799326275647126883e-01
8.824919871794871806e-01
8.828275529673716981e-01
8.838025344500451963e-01
8.829002245749117961e-01
8.820179660311867620e-01
8.852863330316345092e-01
8.834015078409994670e-01
8.850056143536718656e-01
8.819979146806559145e-01
8.830729166666666519e-01
8.848652550146905993e-01
8.847649984150158797e-01
8.992252729416811974e-01
9.021834935897435903e-01
9.015078600836672340e-01
9.058285163202267620e-01
9.048477564102563875e-01
9.040944818735964228e-01
9.056478805012173616e-01
9.072315705128205510e-01
9.053577157140810794e-01
9.054873153500321292e-01
9.073628489314113921e-01
9.049566891050353501e-01
9.078641321783766927e-01
9.080044914791129962e-01
9.067107371794871362e-01
9.063704239495228299e-01
9.095953525641025106e-01
9.054271034422637365e-01
9.081530448717948234e-01
9.090398201861286109e-01
9.144810715622728736e-01
9.196314102564102644e-01
9.217244701922973071e-01
9.204162656591609037e-01
9.221005774400996557e-01
9.191129291176145522e-01
9.214388835609895745e-01
9.214789861855615660e-01
9.217597048635240986e-01
9.234975961538461897e-01
9.258501764517164112e-01
9.213029864551014469e-01
9.238581730769230838e-01
9.228082851829173539e-01
9.255608974358974228e-01
9.238650946614066495e-01
9.253087905036894156e-01
9.248476098430512549e-01
9.245142903210034069e-01
9.265118703690713442e-01
9.278445512820512331e-01
9.340679190942853261e-01
9.327478344370854213e-01
9.332532051282050878e-01
9.344521976450448353e-01
9.340879897429686940e-01
9.337139423076923350e-01
9.353725112969858424e-01
9.356552774913042825e-01
9.364383012820512997e-01
9.351539942634614633e-01
9.343689787862541341e-01
9.357154314664070105e-01
9.354547641772201771e-01
9.359961501826145058e-01
9.352141481811968582e-01
9.369185113891562722e-01
9.343719923002887784e-01
9.359775641025640525e-01
9.374598973563056381e-01
9.407884183509784837e-01
9.430796403913981329e-01
9.413060897435897578e-01
9.418151894860644635e-01
9.420115496051361115e-01
9.424927815015705646e-01
9.428336541355134548e-01
9.436156560604412880e-01
9.424927815015705646e-01
9.443174526788579159e-01
9.438100961538461453e-01
9.423724735131201458e-01
9.452472703534973153e-01
9.433894230769230838e-01
9.433204881181759260e-01
9.449189925828651582e-01
9.429940647867807169e-01
9.460336538461538991e-01
9.466434071604777900e-01
9.426130894708985020e-01
9.447455042129766500e-01
9.484480269872342939e-01
9.483477703301922412e-01
9.481873596598026088e-01
9.472355769230769162e-01
9.475457170547335606e-01
9.475657683670195564e-01
9.483878729547642328e-01
9.498635195315304758e-01
9.490785256410256832e-01
9.484585742193992752e-01
9.487086942572986459e-01
9.478165064102563875e-01
9.472944765383414234e-01
9.501802884615384581e-01
9.488891562399743851e-01
9.497230250864512335e-01
9.478865897077989322e-01
9.499599358974358809e-01
9.504054270459814102e-01
9.497996794871794712e-01
9.505734680782803592e-01
9.486886428876454280e-01
9.515158806353529730e-01
9.481775850612687018e-01
9.512620192307692513e-01
9.511750080587774159e-01
9.524582932115480682e-01
9.511750080014100828e-01
9.513086062367328566e-01
9.514958293230670883e-01
9.506410256410255943e-01
9.523522801022539230e-01
9.499919794483141500e-01
9.511017628205128416e-01
9.517300899165060946e-01
9.527791145523274441e-01
9.511349053385933505e-01
9.523179338725668019e-01
9.518567532501734929e-01
9.511549567273690498e-01
9.517227564102563875e-01
9.516161373306398774e-01
9.538977199743096103e-01
9.526842948717948456e-01
9.534809111707440721e-01
9.527791145140825924e-01
9.538375079899777953e-01
9.521575232212995399e-01
9.525040064102564541e-01
9.527737636863228277e-01
9.532603464870067489e-01
9.532251602564102422e-01
9.529142582079654922e-01
9.531650641025640747e-01
9.530346820426430776e-01
9.527791145332049627e-01
9.537215271285225393e-01
9.536413217837664824e-01
9.524382419183845538e-01
9.539863782051282159e-01
9.544433750592250520e-01
9.546804752921016490e-01
9.533453525641025772e-01
9.528793712284918671e-01
9.535163776493256194e-01
9.537259615384615641e-01
9.523179339490565054e-01
9.529142582462472033e-01
9.535657051282051544e-01
