1.683710298363811364e-01
2.155518126307980897e-01
2.561557587375998812e-01
2.503809753063209187e-01
2.913658966764181568e-01
3.586782162335578894e-01
4.204764196342637428e-01
4.999197947126112762e-01
5.549205967085002467e-01
5.928978184151427744e-01
6.244987167147898477e-01
6.480991338016055536e-01
6.697345204103976046e-01
6.868383060635225856e-01
6.977662817002260320e-01
6.985482835869090135e-01
7.100777991658646648e-01
7.143487327749774574e-01
7.167868589743590091e-01
7.218208092676957621e-01
7.639156240165558831e-01
7.702919473470615230e-01
7.694898940907253237e-01
7.739011870005745308e-01
7.739613410330445920e-01
7.774302214049436666e-01
7.784929419504666992e-01
7.825834135386590118e-01
7.794754571703561563e-01
7.857916265257589572e-01
7.852702919856301422e-01
7.866738851077288430e-01
7.878168109980079326e-01
7.906641000580014733e-01
7.903645833333333703e-01
7.922487154019207667e-01
7.932306705547671477e-01
7.939302884615384581e-01
7.941353564547206645e-01
7.959935897435896912e-01
8.277791144949601110e-01
8.369861913554240695e-01
8.383261148349038239e-01
8.377446262623049478e-01
8.388621794871794490e-01
8.366650609956310936e-01
8.365816490023726404e-01
8.347970805452693543e-01
8.378047802374077868e-01
8.392484760605680716e-01
8.377245749500190630e-01
8.389076034839925144e-01
8.407322746039125327e-01
8.400304780046183861e-01
8.416345844981683033e-01
8.391281681103625045e-01
8.416947385688833272e-01
8.417668269230769162e-01
8.434087990106645671e-01
8.451435675328842212e-01
8.655157202438241715e-01
8.789701635806194124e-01
8.796920115113220362e-01
8.800529355149181443e-01
8.794513955917884207e-01
8.787094962723100977e-01
8.782884183509784837e-01
8.791706769138258881e-01
8.775064164069282802e-01
8.807747834073759163e-01
8.818375039911438007e-01
8.809351940586431784e-01
8.797120629192202168e-01
8.785891882838596789e-01
8.791506256397848551e-01
8.787059294871795156e-01
8.836020212124507944e-01
8.827999679561145951e-01
8.809351940586431784e-01
8.824189926593549727e-01
8.978203276295499968e-01
9.035657051282051100e-01
9.099229286707741782e-01
9.082732371794871584e-01
9.100697785950563334e-01
9.112074502056504155e-01
9.136017628205128638e-01
9.114282273985899741e-01
9.109119345715767091e-01
9.136790182676918226e-01
9.107371794871794712e-01
9.125722543161192135e-01
9.133180942832180849e-01
9.165062559962769972e-01
9.124157843889622033e-01
9.108317292650655039e-01
9.111324991979466992e-01
9.149839743589743835e-01
9.138567758509954508e-01
9.142828525641025772e-01
9.243262753029224399e-01
9.305956968337814050e-01
9.313701923076923572e-01
9.351517341040462838e-01
9.334696823677880451e-01
9.353966346153845812e-01
9.365566794544591955e-01
9.366185897435896912e-01
9.366369620874743784e-01
9.391442091946117232e-01
9.372996794871795156e-01
9.366578441190918092e-01
9.386239563262684937e-01
9.376604106130224103e-01
9.369591346153846034e-01
9.388848747208704548e-01
9.372192813220374674e-01
9.397836538461538103e-01
9.380419075335917345e-01
9.391241578440808757e-01
9.435496794871794934e-01
9.497112608659638022e-01
9.510677585290958636e-01
9.511418269230769162e-01
9.529142581888246921e-01
9.519570099645827677e-01
9.539863782051282159e-01
9.536413217837664824e-01
9.559649967695553752e-01
9.549278846153845812e-01
9.554833012585771668e-01
9.537014757971140622e-01
9.529847756410256832e-01
9.557040784132350142e-01
9.551451716776416800e-01
9.577123397435897134e-01
9.574711261018943320e-01
9.578516378032142509e-01
9.564886108820048749e-01
9.561498397435896912e-01
9.618222649983958483e-01
9.624076749586338853e-01
9.633261148157814535e-01
9.645633012820512553e-01
9.633261148349038239e-01
9.651573539048184935e-01
9.646434294871795156e-01
9.660330446324059128e-01
9.652376364612701432e-01
9.670873397435897356e-01
9.671759705226850024e-01
9.665823699421964843e-01
9.665064102564102644e-01
9.658598265895953494e-01
9.678886217948717841e-01
9.670239241558079568e-01
9.662536092778983843e-01
9.676572024382419368e-01
9.685096153846153300e-01
9.679780237598988313e-01
9.696732498202939032e-01
9.715672121011258433e-01
9.716546474358974672e-01
9.722623635004481457e-01
9.719682386719266098e-01
9.735121912286187618e-01
9.729106512863665568e-01
9.718950320512820262e-01
9.737074502247912156e-01
9.719951923076922684e-01
9.737074502439321266e-01
9.736578525641025328e-01
9.734465317536258322e-01
9.735176282051282159e-01
9.738880860438007270e-01
9.752767084116809038e-01
9.744746551170997417e-01
9.752165543792107316e-01
9.742941931153016322e-01
9.745548604809782800e-01
9.752566570802724266e-01
9.760787615915272886e-01
9.754170676741723556e-01
9.768808148861084506e-01
9.757411858974358587e-01
9.765599935644515561e-01
9.763995829514291458e-01
9.758148682982629163e-01
9.769409688612111786e-01
9.753205128205127972e-01
9.767404555853720360e-01
9.767581888629445208e-01
9.765198909016347129e-01
9.773620468781550885e-01
9.773018928648073977e-01
9.778245192307691847e-01
9.777817919266552638e-01
9.768830128205128194e-01
9.775024061597690217e-01
9.777229708435063449e-01
9.780237408146323919e-01
9.775826114471577455e-01
9.776814387023793351e-01
9.782251602564102644e-01
9.781832049386043337e-01
9.784448187359641169e-01
9.784247674428004915e-01
9.793471286875872206e-01
9.762820512820512553e-01
9.776828681615671313e-01
9.790664099905022066e-01
9.783236994219652871e-01
9.788261217948718285e-01
9.792469492231183903e-01
9.776828681615671313e-01
9.792067307692308153e-01
9.795078676942838847e-01
9.788461538461538103e-01
9.794874879883236352e-01
9.793070260056478959e-01
9.796077959958964243e-01
9.787652537312810930e-01
9.805101058710298245e-01
9.794273339940984258e-01
9.796875000000000444e-01
9.796478986587132676e-01
9.796885034941524850e-01
9.794270833333332815e-01
9.790863840910740690e-01
9.795873397435896912e-01
9.795075393197320013e-01
9.797281039652244727e-01
9.795877446453655768e-01
9.786649003730191199e-01
9.797281039461019914e-01
9.802884615384614975e-01
9.792670199675060916e-01
9.805101058519073431e-01
9.806504652100110908e-01
9.793068910256410575e-01
9.806920359857432823e-01
9.794070512820512997e-01
9.803709055876685952e-01
9.795673076923077094e-01
9.799293513931980337e-01
9.806103625471943586e-01
9.800480769230769384e-01
9.802895412255373531e-01
9.799092807062329546e-01
9.803685897435897578e-01
