2.112377745316584665e+01
1.259449751177467469e+01
8.142447161988107140e+00
5.817831898867644291e+00
4.446118600635449170e+00
3.013922604452848653e+00
2.332007472393487379e+00
1.896207638417140906e+00
1.696838587952761657e+00
1.613121719363411088e+00
1.566879253300252905e+00
1.530787770703009532e+00
1.508581672718328326e+00
1.498632727045641211e+00
1.493927093511366655e+00
1.504595035461802732e+00
1.495581249262149193e+00
1.491340581216527683e+00
1.503295012315114310e+00
1.503873149515652985e+00
1.338546280873139205e+00
1.249319823843032307e+00
1.222114744727948787e+00
1.211681098864558104e+00
1.214833026938917149e+00
1.208442192946560301e+00
1.221522074997100082e+00
1.212946835870654105e+00
1.231274432886629633e+00
1.226615909203757848e+00
1.226947983947364706e+00
1.231610347014571838e+00
1.231420799138494671e+00
1.222049577480177840e+00
1.229755284236027535e+00
1.228637148036969107e+00
1.226852644013792570e+00
1.224401588776172778e+00
1.222027865563284132e+00
1.223233716915815394e+00
1.101109585740606800e+00
1.025362456905282826e+00
9.903471234673141277e-01
9.773617754542448521e-01
9.639173474067296299e-01
9.679325930415321189e-01
9.623113757224659448e-01
9.627186063776270730e-01
9.588241990958034089e-01
9.581463845219029274e-01
9.670091582522546414e-01
9.564384684411233462e-01
9.543380049279304167e-01
9.585144197784022380e-01
9.607043416789987633e-01
9.669818627287418700e-01
9.654019534071553998e-01
9.660333213133689423e-01
9.616112286797990905e-01
9.604107747293643138e-01
8.851224304507625540e-01
8.289456830829391443e-01
8.021817851953870759e-01
7.881572764387182461e-01
7.788072420994670564e-01
7.718571207062112638e-01
7.633545203663272272e-01
7.602027083843000410e-01
7.582389630872086173e-01
7.508068383409306490e-01
7.478512778930798133e-01
7.462917621754513453e-01
7.430320715422350508e-01
7.493655844533294585e-01
7.455686573459048283e-01
7.471689083637335083e-01
7.394392092066542910e-01
7.446835142586297751e-01
7.461957599553000753e-01
7.408286390068976601e-01
6.883712088786109184e-01
6.588244302150531029e-01
6.371380606368327593e-01
6.316372590187268043e-01
6.195851885473112608e-01
6.140523569068621068e-01
6.028803824614256124e-01
6.019719686734806841e-01
5.968151654346577351e-01
5.874767697389056131e-01
5.910270648889052181e-01
5.843572570256262422e-01
5.781442067314884747e-01
5.719941639827542668e-01
5.749699002299738515e-01
5.781727031442190912e-01
5.766770510785198534e-01
5.712826314644935399e-01
5.646647050469519868e-01
5.688626831158613006e-01
5.333883932358108870e-01
5.099909956936049538e-01
5.039117295772601590e-01
4.911351737182876875e-01
4.918785828847245800e-01
4.836632930315457601e-01
4.738921269860570940e-01
4.712206897827295182e-01
4.687061577116592992e-01
4.626110142857591812e-01
4.631897577108480824e-01
4.590064725471988405e-01
4.514836315914997900e-01
4.520683078992278614e-01
4.553257903227439507e-01
4.473536917527057288e-01
4.481653929387754420e-01
4.389375222034943569e-01
4.455488861449345417e-01
4.404330681943725012e-01
4.218828534468626601e-01
4.057786316205417299e-01
3.975292043993698399e-01
3.952546680584931860e-01
3.905428736904300036e-01
3.898443130392044709e-01
3.824158906172483441e-01
3.809776931647348985e-01
3.764461934011412714e-01
3.759164849917093765e-01
3.723097533542679693e-01
3.731000610640081705e-01
3.745881353433315741e-01
3.662839097400927280e-01
3.652891822070848948e-01
3.567436080712538260e-01
3.592305667399595115e-01
3.556661981857198174e-01
3.566403989995333146e-01
3.575992618615810859e-01
3.422641611592602273e-01
3.397749090948852246e-01
3.318231195775522280e-01
3.290057366092999924e-01
3.296831253059100963e-01
3.253271298371757658e-01
3.258156958680886728e-01
3.217222231739332861e-01
3.210139490027571485e-01
3.160342613473916540e-01
3.139550997291500334e-01
3.156081930846071359e-01
3.149461109668780789e-01
3.150900026105042939e-01
3.086356663933166877e-01
3.093128179271173450e-01
3.113749396697733651e-01
3.065021661446956647e-01
3.045908475151428707e-01
3.046097379389350879e-01
2.990620422416875868e-01
2.939010506109201448e-01
2.940173349701441508e-01
2.916067332393019185e-01
2.895070156264771821e-01
2.873464881140412319e-01
2.876141726836815571e-01
2.882859120002159714e-01
2.852314480543902131e-01
2.843071403793799301e-01
2.828444284491609673e-01
2.822627348013413418e-01
2.822372719367957639e-01
2.819480192966950516e-01
2.777980092384145783e-01
2.752130228068762063e-01
2.772941562870889776e-01
2.745910923537207560e-01
2.775366956276659747e-01
2.740690029122563875e-01
2.741682337938228797e-01
2.707715228768851623e-01
2.733498166339459190e-01
2.682008352901524839e-01
2.708250991809062480e-01
2.675637371424570143e-01
2.675188761234360002e-01
2.699829081100918460e-01
2.659118168048840158e-01
2.715776922229009016e-01
2.666137808593833092e-01
2.658427477208329393e-01
2.674796002049609767e-01
2.650571206096353216e-01
2.648264668454028414e-01
2.617297482796204222e-01
2.632563433053023427e-01
2.626852390475762355e-01
2.607774540977979560e-01
2.607831232510279817e-01
2.593422370066733040e-01
2.599203646622830211e-01
2.604198385898547907e-01
2.590981464737500684e-01
2.583201057495945197e-01
2.574428790343048501e-01
2.570049337060320571e-01
2.571429162500453169e-01
2.598554631838431717e-01
2.579894246563989579e-01
2.562044597911192212e-01
2.565570173063719261e-01
2.554988745695505603e-01
2.549541864972429961e-01
2.594403740894652977e-01
2.566771166064800158e-01
2.529272669848525723e-01
2.550813525533064952e-01
2.527425601519106557e-01
2.533462722885864715e-01
2.521876447622233841e-01
2.537562458242983987e-01
2.506423697262801786e-01
2.534295352923399691e-01
2.527558979697716590e-01
2.529975025172718772e-01
2.524129856777405645e-01
2.521700682166295171e-01
2.529654904635348922e-01
2.531582023470829723e-01
2.515677897869718627e-01
2.525047397609700983e-01
2.529559742000801470e-01
2.541422666401608743e-01
2.519636877863538071e-01
2.505094231321261522e-01
2.538044915349726982e-01
2.494851401458767215e-01
2.504796366738248348e-01
2.514986064189519421e-01
2.487515782220821592e-01
2.526577956019303572e-01
2.502606776073412198e-01
2.503828673790662873e-01
2.505934534160158544e-01
2.489929323897057400e-01
2.502283282004870157e-01
2.480601184129868075e-01
2.493236545729346221e-01
2.499023650319148471e-01
