5.764598440580884997e+00
3.590478501413202572e+00
2.539839884467640641e+00
2.030177148902190698e+00
1.767169027631390721e+00
1.634989682818055678e+00
1.570809210918635790e+00
1.538177623288310869e+00
1.510343448833505908e+00
1.500463251544375876e+00
1.482106956029726197e+00
1.486599139957654359e+00
1.475668493049971497e+00
1.477667538409130676e+00
1.472620043266573031e+00
1.476033365263707875e+00
1.458617767386609421e+00
1.470133319702674690e+00
1.463929486649519163e+00
1.456412302021189431e+00
1.314690655341774095e+00
1.232710275773937880e+00
1.206121407642860133e+00
1.188742350309323070e+00
1.187180422557495119e+00
1.179136238076727405e+00
1.172831813647196908e+00
1.169463508926910977e+00
1.173365018594942022e+00
1.168229744378519230e+00
1.172013389020154284e+00
1.167498240724832215e+00
1.168039313332561058e+00
1.169440806543058375e+00
1.165174338310469349e+00
1.163212469651372372e+00
1.162219039514962082e+00
1.164799677625771857e+00
1.167871227851845717e+00
1.162887651873659944e+00
1.049166754423043635e+00
9.996393858123147069e-01
9.828077585269243688e-01
9.603100849713893661e-01
9.455491176277236454e-01
9.407927691458431996e-01
9.360971889474432039e-01
9.319890556826513350e-01
9.392688817078386210e-01
9.333169936062932770e-01
9.281035978060502289e-01
9.312822270753219334e-01
9.264710938888441882e-01
9.249806368163582260e-01
9.297748343241608593e-01
9.199647754096128560e-01
9.232867161241677945e-01
9.263892744189468065e-01
9.187935994992395550e-01
9.187686010205596832e-01
8.427654362313824477e-01
8.117558271371672074e-01
7.947714837697835710e-01
7.827881194301805623e-01
7.746781248445115953e-01
7.681600573279362409e-01
7.594929652336316339e-01
7.535513330899374917e-01
7.489550719476870677e-01
7.437911633118857724e-01
7.455053454337304819e-01
7.414724018698439778e-01
7.393139430946519264e-01
7.347217248036310711e-01
7.409776160846403004e-01
7.395355058022033967e-01
7.349665680028110160e-01
7.340791231934978844e-01
7.334003390162886493e-01
7.296874893755724845e-01
6.732715621972695796e-01
6.474523363238967599e-01
6.453417730056058010e-01
6.352538767631978889e-01
6.322203136461836959e-01
6.237401099093341506e-01
6.160617900996167018e-01
6.225586641397008458e-01
6.132725546757380464e-01
6.062253086553143211e-01
6.072200067272008894e-01
6.038107706408949449e-01
6.009971368836790617e-01
5.965398942808481930e-01
5.987984373051652431e-01
5.935324863397735129e-01
5.990372697894758014e-01
5.932554477300399087e-01
5.918016515846699077e-01
5.858105512471546428e-01
5.467750305595808769e-01
5.316217034290998678e-01
5.320681885033032854e-01
5.189662998926203308e-01
5.162989050149917603e-01
5.156812455778823079e-01
5.091715967456117431e-01
5.050370016923317884e-01
5.063446082287121897e-01
5.020619095252275565e-01
4.964816809216867632e-01
4.999354126019702749e-01
4.964891914606935908e-01
4.934801370775542817e-01
4.896629805748279329e-01
4.907140751239498777e-01
4.856973897188137657e-01
4.884304655386839666e-01
4.847940179017873885e-01
4.797272593567749599e-01
4.614147654912928442e-01
4.448904317158919319e-01
4.400334519094278307e-01
4.400595890183000569e-01
4.325085507014411745e-01
4.384868110951070652e-01
4.358062923891559137e-01
4.285996307021041063e-01
4.288380849828007380e-01
4.279318573383184554e-01
4.181151428607399745e-01
4.243400952681257721e-01
4.188909161549347893e-01
4.229356937287476748e-01
4.142813797944631116e-01
4.172128065392723961e-01
4.143000167074745166e-01
4.135671572823688136e-01
4.109608402563044716e-01
4.066058107779352837e-01
3.973792249575639479e-01
3.816251287723705365e-01
3.827935732019073778e-01
3.836630146472881919e-01
3.806396241864218877e-01
3.774990154024723266e-01
3.758658274626120455e-01
3.734491365742208524e-01
3.718579010317866196e-01
3.703524282727486128e-01
3.719024546719301161e-01
3.712060075293922567e-01
3.683202272429847435e-01
3.658970293896987025e-01
3.680998880797408668e-01
3.652537584419544014e-01
3.615897461642888500e-01
3.676292270680134866e-01
3.620616875779934518e-01
3.594047733232078046e-01
3.495630118129419150e-01
3.442470572108861093e-01
3.462327183057100077e-01
3.454136147894151798e-01
3.413892092232831410e-01
3.420104297797649795e-01
3.409797215561167771e-01
3.375369373196243084e-01
3.420234862852448154e-01
3.351817925579853030e-01
3.353800555070241551e-01
3.368696356129485814e-01
3.320472566225471933e-01
3.344098125512783293e-01
3.346798093409283914e-01
3.319891134553664136e-01
3.374824805312482412e-01
3.281345990605843421e-01
3.292946732977394819e-01
3.357610761698599511e-01
3.312778703834892702e-01
3.217107415447871266e-01
3.194665937592748306e-01
3.204395653519219178e-01
3.206441028760029788e-01
3.213649503803038820e-01
3.178683325175027385e-01
3.184217680980656606e-01
3.164569268202888641e-01
3.165831219691496723e-01
3.185649345758715945e-01
3.183308983694332905e-01
3.183080133337241047e-01
3.184625636558924833e-01
3.123606433088962908e-01
3.155366861556331282e-01
3.139324518603702763e-01
3.148821804398789781e-01
3.141899413023239718e-01
3.096657606199450519e-01
3.107584866575705540e-01
3.099263758853647022e-01
3.126374757897980028e-01
3.082839423718267136e-01
3.143488772993449087e-01
3.070575960171528229e-01
3.078059154154208499e-01
3.051149534574869038e-01
3.081757363062238575e-01
3.066619132276368620e-01
3.079475165560798811e-01
3.057373804159653763e-01
3.027539451725603792e-01
3.074559642215320965e-01
3.044001324436603206e-01
3.052137904754416708e-01
3.024932094393994464e-01
3.062506920066750404e-01
3.051413599500910068e-01
3.020117647149909157e-01
3.052563617053152822e-01
3.031590404800879601e-01
3.038021194407065639e-01
2.997146943247923079e-01
3.019685037625141621e-01
3.002392661410874242e-01
3.002121001625427943e-01
2.986519974282558221e-01
3.020976194403742765e-01
3.004890447243666052e-01
3.000184811637350846e-01
2.999802475408517854e-01
2.995457583130934354e-01
2.999606296161695940e-01
2.983488942186037773e-01
2.993085737374246991e-01
3.003487487155961921e-01
2.959190528955756294e-01
3.004473340140346727e-01
3.004392937786654616e-01
2.970330170713938456e-01
2.944394556574229660e-01
2.963258827448503885e-01
2.977337581607011896e-01
3.010702174483180782e-01
2.984203298838765117e-01
2.974341816627062429e-01
2.986123126632401759e-01
2.971994632337058295e-01
2.991232551825352415e-01
