3.966938840858149073e-01
5.127281460134486268e-01
5.571165545949408049e-01
5.852145373038745158e-01
6.069084213896893676e-01
6.203370156900416266e-01
6.319244316362472302e-01
6.460334614153058208e-01
6.594220300992634787e-01
6.718299711815561848e-01
6.807556836375280307e-01
6.839777457572846497e-01
6.932036503362152269e-01
7.024695805315401831e-01
7.065321805955812051e-01
7.104146653858469662e-01
7.144172270252961976e-01
7.190802113352545710e-01
7.235030419468460039e-01
7.275256163944924248e-01
7.312680115273775261e-01
7.334093820044829126e-01
7.348102785782900659e-01
7.397134165866153799e-01
7.753962536023054630e-01
7.829210694844700447e-01
7.883045148895293508e-01
7.931876400896573642e-01
7.961695485110470427e-01
7.984710214537303896e-01
8.006524175472302662e-01
8.037143772014089249e-01
8.053754402817803193e-01
8.199047390329811114e-01
8.233069164265129913e-01
8.260686839577329188e-01
8.286303234069805068e-01
8.297910662824207195e-01
8.310518731988472130e-01
8.305315401857188418e-01
8.329530899775856589e-01
8.342739353186039430e-01
8.345741274415625632e-01
8.366954851104706492e-01
8.357748959333973771e-01
8.381564201088697041e-01
8.384566122318283243e-01
8.384165866154338342e-01
8.408181235991034619e-01
8.432396733909701680e-01
8.426793147614473067e-01
8.512247838616714413e-01
8.533461415305795272e-01
8.526456932436760061e-01
8.528858469420429467e-01
8.547070124879923014e-01
8.536863592699327485e-01
8.561879602945885459e-01
8.548270893371757717e-01
8.532861031059878476e-01
8.580891770733268809e-01
8.562680115273775261e-01
8.573086775536343795e-01
8.595701248799231253e-01
8.578690361831572408e-01
8.596902017291065956e-01
8.615714056996477410e-01
8.607108549471661485e-01
8.609910342619275792e-01
8.603306115914185481e-01
8.634926352865833765e-01
8.589697406340057739e-01
8.621918027537623930e-01
8.618515850144091717e-01
8.597102145373038962e-01
8.612712135766891208e-01
8.601705091258405877e-01
8.603506243996157377e-01
8.603306115914185481e-01
8.618916106308036618e-01
8.606308037143771683e-01
8.628121998078770449e-01
8.612912263848863104e-01
8.640329811079090483e-01
