1.882845264461381785e+00
1.431584851160822014e+00
1.260640871322502354e+00
1.157245193350746382e+00
1.092315175920352655e+00
1.044307214687773655e+00
1.007211165190735391e+00
9.764834114308926782e-01
9.530001291853091860e-01
9.297367573127965912e-01
9.043610815699574257e-01
8.946831856367872815e-01
8.777978726010501331e-01
8.669518872656681863e-01
8.591270578510863398e-01
8.490684467975886385e-01
8.377934275740733794e-01
8.305235568086878351e-01
8.222925015607400745e-01
8.124536890614082463e-01
8.138125733881854673e-01
8.023928315678430234e-01
6.809495797990950949e-01
6.389056970170015060e-01
6.098388209008575034e-01
5.932737249538679869e-01
5.848037376260284415e-01
5.686403722897425128e-01
5.556005327758062329e-01
5.510146159832576274e-01
5.396331301912680178e-01
5.335608159087232849e-01
5.244708604111031347e-01
5.192405369241307467e-01
5.141285912199659025e-01
4.614298200847702924e-01
4.386497054303937215e-01
4.321142263254827420e-01
4.216705174485040897e-01
4.167542097337956775e-01
4.069127541511363688e-01
4.024556576728515189e-01
3.937549590587310355e-01
3.924075467079601309e-01
3.737474346805985115e-01
3.730063865362662767e-01
3.622787566357532074e-01
3.628693455940555368e-01
3.558629681638063591e-01
