1.000320102432778469e-01
1.000040025616394518e-01
1.949847902657700915e-01
4.328570284982388716e-01
5.045629202689720927e-01
5.517731348062759889e-01
5.813520653218059442e-01
6.015449887928273620e-01
6.195965417867435043e-01
6.312840217739352777e-01
6.417307076528978582e-01
6.535782901056675920e-01
6.593820044828689886e-01
6.650256163944924248e-01
6.753922510406660251e-01
6.781740313800832531e-01
6.830971821966058677e-01
6.887407941082293039e-01
6.943443804034582501e-01
6.974663784822285884e-01
7.039705411463336171e-01
7.040906179955170874e-01
7.079731027857828485e-01
7.131564201088697041e-01
7.145973422990714585e-01
7.162183797630483628e-01
7.199207492795388630e-01
7.213616714697406174e-01
7.260646813960934809e-01
7.275856548190842155e-01
7.296669868715978113e-01
7.332893051552994423e-01
7.329691002241434106e-01
7.357909061799551287e-01
7.378121998078770449e-01
7.406340057636887630e-01
7.423951328850464382e-01
7.415746077489593358e-01
7.443964137047710539e-01
7.446565802113352950e-01
7.469380403458213413e-01
7.461575408261287290e-01
7.511207172590458336e-01
7.505003202049311817e-01
7.517211015049631850e-01
7.517611271213576751e-01
7.547230227345501641e-01
7.552233429394812347e-01
7.559037784181876773e-01
7.570044828690362104e-01
7.574047390329811114e-01
7.578850464297149925e-01
7.575448286903618822e-01
7.621277617675312754e-01
7.611071085494716115e-01
7.635886967659302194e-01
7.633485430675632788e-01
7.628081972462376070e-01
7.619676593019532040e-01
7.654899135446685543e-01
7.647894652577649222e-01
7.657300672430354949e-01
7.659902337495997360e-01
7.652097342299071236e-01
7.663904899135446369e-01
7.670709253922510795e-01
7.677913864873519012e-01
7.683317323086775730e-01
7.712536023054754608e-01
7.742755363432597404e-01
7.734950368235671281e-01
7.736551392891450885e-01
7.741354466858789696e-01
7.740754082612871789e-01
7.734950368235671281e-01
7.737351905219340686e-01
7.749359590137687714e-01
7.735350624399616182e-01
7.757965097662503640e-01
7.777177393531859995e-01
7.753762407941082735e-01
7.801392891450528166e-01
7.787984309958373430e-01
7.793788024335575049e-01
7.794788664745436746e-01
7.811199167467178794e-01
7.832813000320204555e-01
7.811199167467178794e-01
7.812800192122958398e-01
7.823006724303553927e-01
7.834213896894012263e-01
7.828210054434838749e-01
7.815802113352545710e-01
7.821605827729747329e-01
7.820805315401857527e-01
7.861231187960294742e-01
7.837015690041626570e-01
7.853226064681395613e-01
7.852225424271533916e-01
7.880243355747678091e-01
7.845621197566442495e-01
7.864633365353826955e-01
7.840818123599103684e-01
7.867034902337496360e-01
7.879442843419788289e-01
7.863232468780019246e-01
7.871037463976945370e-01
7.863432596861991142e-01
7.878642331091898487e-01
7.880243355747678091e-01
7.895052833813640536e-01
7.891850784502081328e-01
7.881243996157540899e-01
7.925272174191482222e-01
7.884646173551073112e-01
7.916666666666666297e-01
7.919468459814280603e-01
7.918868075568363807e-01
7.906860390650015669e-01
7.918868075568363807e-01
7.946886007044507982e-01
7.910462696125520887e-01
7.917867435158500999e-01
7.953490233749599403e-01
7.925672430355427123e-01
7.962095741274415328e-01
7.943483829650976880e-01
7.928674351585014435e-01
7.955691642651296913e-01
7.948487031700288696e-01
7.931276016650656846e-01
7.935878962536022652e-01
7.936679474863912453e-01
7.952089337175792805e-01
7.971701889209094061e-01
7.962295869356388334e-01
7.938280499519692057e-01
7.963296509766250031e-01
7.952889849503682607e-01
7.970501120717259358e-01
7.967299071405700150e-01
7.974303554274735362e-01
7.971902017291065956e-01
7.987712135766891208e-01
7.939481268011527870e-01
7.965297790585974536e-01
7.995517130963817332e-01
7.981308037143771683e-01
7.983509446045469193e-01
8.009325968619916969e-01
7.991114313160422311e-01
8.016930835734870087e-01
8.022134165866153799e-01
7.960494716618635724e-01
7.985510726865193698e-01
7.999519692603266341e-01
8.006123919308357761e-01
7.991314441242395317e-01
8.028738392571245219e-01
7.991914825488312113e-01
7.988912904258725911e-01
8.020533141210374195e-01
8.021934037784181903e-01
8.015930195325008389e-01
8.004723022734550053e-01
8.012728146013448072e-01
8.021934037784181903e-01
8.016930835734870087e-01
8.011527377521613369e-01
8.006924431636247563e-01
8.015730067243035384e-01
8.017931476144732894e-01
8.020333013128402300e-01
7.995917387127762233e-01
8.019932756964457399e-01
8.033941722702530042e-01
8.038344540505923952e-01
8.027937880243355417e-01
8.022534422030099810e-01
8.033541466538585141e-01
8.043547870637207664e-01
8.036543387768171343e-01
8.036343259686199447e-01
8.029538904899135021e-01
8.030539545308997829e-01
8.069964777457573346e-01
8.048751200768491376e-01
8.051953250080051694e-01
8.055355427473582797e-01
8.038544668587895847e-01
8.055555555555555802e-01
8.082172590457893380e-01
8.021934037784181903e-01
8.051753121998078688e-01
8.036543387768171343e-01
8.064961575408261529e-01
8.047750560358629679e-01
8.073767211015049350e-01
8.065962215818123227e-01
8.088976945244956696e-01
