1.677985044203402865e+01
1.544277954101562500e+01
8.322350139538523095e+00
1.718800209670199752e+00
1.472409086772504594e+00
1.346807119024131971e+00
1.268122034579792112e+00
1.221294596547924716e+00
1.177998140268206706e+00
1.150470620273513100e+00
1.121738358544799530e+00
1.103300042195156649e+00
1.085436959622420039e+00
1.077771657596518606e+00
1.053955706769825307e+00
1.044241244312742012e+00
1.032693860166698174e+00
1.018105587343203222e+00
1.014408246202801678e+00
9.991927281465814437e-01
9.882713429178903164e-01
9.889061363545740280e-01
9.780471767136350580e-01
9.697451728717890740e-01
9.651508617393488310e-01
9.567710496735732928e-01
9.546160711678716160e-01
9.436690792455681986e-01
9.425588364101853411e-01
9.318543549077158428e-01
9.331199275046405672e-01
9.227359221029693970e-01
9.244292036028118886e-01
9.137668769175602002e-01
9.150950175769962947e-01
9.044207621853663781e-01
9.040313569773400504e-01
9.024320040953834887e-01
8.971248110478938775e-01
8.946479513902447778e-01
8.891805513066204369e-01
8.900770342697366111e-01
8.851606221180713385e-01
8.873617645642942753e-01
8.806404203434154976e-01
8.772458455671762190e-01
8.754058938892155250e-01
8.732991568026082785e-01
8.696456072309862728e-01
8.694792843536807148e-01
8.673011259776142179e-01
8.666528346750013156e-01
8.644222943133129666e-01
8.583464495386788906e-01
8.593834128434788555e-01
8.533394177525691626e-01
8.521165707880130613e-01
8.508878225437387366e-01
8.545407032378774526e-01
8.492874249677569987e-01
8.456022132866817254e-01
8.470016503101199801e-01
8.426817582274261920e-01
8.438303173828919368e-01
8.436855623022012640e-01
8.393345551921357339e-01
8.410649351916402727e-01
8.352237508688604706e-01
8.336020660560710116e-01
8.289444369075773533e-01
8.289836960422126699e-01
8.296937607359969880e-01
8.273734687193822213e-01
8.320927255778903797e-01
8.265339720146113178e-01
8.257389300113070485e-01
8.255468354254168473e-01
8.220988388745554820e-01
8.202427738834335846e-01
8.166399617207343864e-01
8.222824735897991122e-01
8.105813324012475229e-01
8.157067708086593871e-01
8.133889537876017872e-01
8.129886150589136218e-01
8.103478404905335442e-01
8.066871340386271294e-01
8.113881159088300876e-01
8.086485756615434672e-01
8.045360130107902519e-01
8.048082602127141216e-01
8.052677875560634302e-01
8.070778469225553531e-01
8.048193431935019015e-01
8.035456857122444951e-01
8.002268086821843207e-01
8.023521085790132901e-01
7.974535504327994184e-01
7.984698372814008627e-01
8.001712022818627812e-01
7.971850482271605198e-01
7.948406259867765167e-01
7.976255581007147821e-01
7.945136710920281953e-01
7.867998718413793391e-01
7.986959697075696196e-01
7.915990205670716540e-01
7.941461392904068939e-01
7.907273114548254433e-01
7.871306262220895134e-01
7.893545711571079426e-01
7.877169676098806361e-01
7.926067037533538473e-01
7.843027257820065490e-01
7.909219629139309093e-01
7.819510399245543919e-01
7.824473949605518230e-01
7.842652645776793108e-01
7.834117835124563278e-01
7.841762119174728873e-01
7.758136963638173622e-01
7.825437308197559227e-01
7.826579851177385416e-01
7.794916291306349665e-01
7.756296263037298910e-01
7.770031749858636871e-01
7.781304579455998738e-01
7.755532363382547922e-01
7.760953005788573389e-01
7.721179315305618518e-01
7.774092891526993565e-01
7.753203892379550988e-01
7.765369352109532386e-01
7.669557785705385378e-01
7.707627339886810036e-01
7.758849052485081721e-01
7.762431058408815199e-01
7.687653829530001204e-01
7.729544297571637745e-01
7.708739958777475199e-01
7.701213925914660585e-01
7.664157890410824292e-01
7.659527840348645533e-01
7.671709431122405443e-01
7.759420252403615992e-01
7.715972059436460029e-01
7.682161896876941176e-01
7.612769431767080208e-01
7.718324422874475177e-01
7.612301462875357139e-01
7.711720931541450330e-01
7.632709714490711894e-01
7.608244116971251136e-01
7.708487713562155452e-01
7.661118841003310420e-01
7.633633446013969870e-01
7.625241250782641700e-01
7.617737618043870507e-01
7.573860444359927779e-01
7.652749215758766210e-01
7.690965510544546246e-01
7.609242605468304887e-01
7.621370563131473208e-01
7.591799619371143448e-01
7.612837285251904396e-01
7.568156343410307185e-01
7.557627694216669800e-01
7.598827235255147805e-01
7.659930694935377371e-01
7.580703502276979755e-01
7.572809229323087532e-01
7.577077992215127678e-01
7.581449792127825660e-01
7.611817461994646594e-01
7.552567886077093950e-01
7.577612127701975897e-01
7.513216937767783765e-01
7.597458455908424613e-01
7.574731218215559059e-01
7.526052747443056079e-01
7.494737183364430511e-01
7.559371425713861115e-01
7.540441900730285862e-01
7.577658737656247645e-01
7.530971378173882957e-01
7.460108196319313878e-01
7.487858190698345462e-01
7.490407614764440503e-01
7.478310679763393587e-01
7.530939834376692010e-01
7.452961188686455518e-01
7.445243415716478186e-01
7.530646970972127985e-01
7.447625689120236370e-01
7.525573191908434545e-01
7.458757081361599983e-01
7.498480952629629215e-01
7.448172170574605122e-01
7.461587320410819624e-01
7.431795416143969213e-01
